n=100;
solve_2
n=150;
solve_2
